time_domain_data1 = [700	0	0
700	0.01	17.15384615
700	0.02	78.84615385
700	0.03	175.9230769
700	0.04	286.2307692
700	0.05	390.1481481
700	0.06	469.7037037
700	0.07	514.3076923
700	0.08	521.3846154
700	0.09	500.5185185
700	0.1	473.7777778
700	0.11	451.5925926
700	0.12	438.7407407
700	0.13	437
700	0.14	439
700	0.15	439
700	0.16	439
700	0.17	439
700	0.18	439
700	0.19	439
700	0.2	439
700	0.21	439
700	0.22	439
700	0.23	439
700	0.24	439
700	0.25	439
700	0.26	439
700	0.27	439
700	0.28	439
700	0.29	439
700	0.3	439
700	0.31	439
700	0.32	439
700	0.33	439
700	0.34	439
700	0.35	439
700	0.36	439
700	0.37	439
700	0.38	439
700	0.39	439
700	0.4	439
700	0.41	439
700	0.42	439
700	0.43	439
700	0.44	439
700	0.45	439
700	0.46	439
700	0.47	439
700	0.48	439
700	0.49	439
700	0.5	439
700	0.51	439
700	0.52	439
700	0.53	439
700	0.54	439
700	0.55	439
700	0.56	439
700	0.57	439
700	0.58	439
700	0.59	439
700	0.6	439
700	0.61	439
700	0.62	439
700	0.63	439
700	0.64	439
700	0.65	439
700	0.66	439
700	0.67	439
700	0.68	439
700	0.69	439
700	0.7	439
700	0.71	439
700	0.72	439
700	0.73	439
700	0.74	439
700	0.75	439
700	0.76	439
700	0.77	439
700	0.78	439
700	0.79	439
700	0.8	439
700	0.81	439
700	0.82	439
700	0.83	439
700	0.84	439
700	0.85	439
700	0.86	439
700	0.87	439
700	0.88	439
700	0.89	439
700	0.9	439
700	0.91	439
700	0.92	439
700	0.93	439
700	0.94	439
700	0.95	439
700	0.96	439
700	0.97	439
700	0.98	439
700	0.99	439
0	1	438.9259259
0	1.01	421.2307692
0	1.02	357.4615385
0	1.03	251.6923077
0	1.04	120.4615385
0	1.05	-11.48148148
0	1.06	-122.5925926
0	1.07	-186.1538462
0	1.08	-191.6153846
0	1.09	-154
0	1.1	-93
0	1.11	-26
0	1.12	32.33333333
0	1.13	69.38461538
0	1.14	77.14814815
0	1.15	60.85185185
0	1.16	38.96296296
0	1.17	22.44444444
0	1.18	15.03846154
0	1.19	15.46153846
0	1.2	15
0	1.21	15
0	1.22	15
0	1.23	15
0	1.24	15
0	1.25	15
0	1.26	15
0	1.27	15
0	1.28	15
0	1.29	15
0	1.3	15
0	1.31	15
0	1.32	15
0	1.33	15
0	1.34	15
0	1.35	15
0	1.36	15
0	1.37	15
0	1.38	15
0	1.39	15
0	1.4	15
0	1.41	15
0	1.42	15
0	1.43	15
0	1.44	15
0	1.45	15
0	1.46	15
0	1.47	15
0	1.48	15
0	1.49	15
0	1.5	15
0	1.51	15
0	1.52	15
0	1.53	15
0	1.54	15
0	1.55	15
0	1.56	15
0	1.57	15
0	1.58	15
0	1.59	15
0	1.6	15
0	1.61	15
0	1.62	15
0	1.63	15
0	1.64	15
0	1.65	15
0	1.66	15
0	1.67	15
0	1.68	15
0	1.69	15
0	1.7	15
0	1.71	15
0	1.72	15
0	1.73	15
0	1.74	15
0	1.75	15
0	1.76	15
0	1.77	15
0	1.78	15
0	1.79	15
0	1.8	15
0	1.81	15
0	1.82	15
0	1.83	15
0	1.84	15
0	1.85	15
0	1.86	15
0	1.87	15
0	1.88	15
0	1.89	15
0	1.9	15
0	1.91	15
0	1.92	15
0	1.93	15
0	1.94	15
0	1.95	15
0	1.96	15
0	1.97	15
0	1.98	15
0	1.99	15
];